EN
#Entity in gold data: 802
#Entity in prediction: 744

#Correct Entity : 493
Entity  precision: 0.6626
Entity  recall: 0.6147
Entity  F: 0.6378

#Correct Entity Type : 430
Entity Type  precision: 0.5780
Entity Type  recall: 0.5362
Entity Type  F: 0.5563
________________________________________


FR
#Entity in gold data: 238
#Entity in prediction: 134

#Correct Entity : 100
Entity  precision: 0.7463
Entity  recall: 0.4202
Entity  F: 0.5376

#Correct Entity Type : 64
Entity Type  precision: 0.4776
Entity Type  recall: 0.2689
Entity Type  F: 0.3441
________________________________________



# Sort Alphabetically

EN 
total F scores with tags sorted in alphabetical order
[1.1658, 1.1806999999999999, 1.093, 1.1289, 1.244, 1.1901000000000002, 1.1784, 1.2106, 1.2038, 1.1278, 1.1175, 1.1617, 1.1764999999999999, 1.1211, 1.1729, 1.1511, 1.2518, 1.2513999999999998, 1.1945999999999999, 1.2517, 1.2045, 1.1261999999999999, 1.2721, 1.1461000000000001, 1.1531, 1.2412, 1.193, 1.2157, 1.2568, 1.2056, 1.1945000000000001, 1.1243, 1.2302, 1.1244999999999998, 1.175, 1.1728, 1.1503, 1.2022, 1.2105000000000001, 1.2155, 1.2019, 1.2155, 1.1808, 1.1379000000000001, 1.2297, 1.1353, 1.2128, 1.2566, 1.1573, 1.2002]


FR
total F scores with tags sorted in alphabetical order
[0.998, 1.0254, 0.9933000000000001, 0.7172000000000001, 0.8084, 0.7792, 0.9582999999999999, 0.5640000000000001, 0.7582, 0.6806, 0.7556, 0.9875, 0.8579, 0.9979, 1.027, 0.8865999999999999, 0.8603000000000001, 0.7493000000000001, 0.8718, 0.7078, 0.747, 0.38439999999999996, 0.8841, 0.7911999999999999, 0.8703000000000001, 0.8518, 0.7207, 0.8616999999999999, 0.7346, 0.7252000000000001, 0.8607, 0.7147, 0.6079, 0.843, 0.8676999999999999, 0.4416, 0.5236, 0.7505999999999999, 0.7435, 0.8717, 0.6877, 0.7923, 0.7401, 0.8044, 0.8564, 0.7659, 0.801, 1.0498, 0.7377, 0.7687999999999999]


# Descending learn rate + sort alphabetically

EN
## total F scores
[1.1658, 1.1618, 1.2673999999999999, 1.2017, 1.2262, 1.2332, 1.214, 1.2328999999999999, 1.2578, 1.2255, 1.2261, 1.2465, 1.2609, 1.2259, 1.2556, 1.2626, 1.2125, 1.2447, 1.2341, 1.2290999999999999, 1.2568000000000001, 1.2172, 1.2593, 1.2274, 1.1934, 1.2174, 1.2375, 1.2525, 1.2292, 1.2396, 1.2207, 1.2233, 1.2398, 1.2139, 1.2271, 1.2496, 1.2319, 1.2361, 1.2422, 1.2201, 1.2424, 1.2585000000000002, 1.2198, 1.254, 1.2606000000000002, 1.2422, 1.2523, 1.2545000000000002, 1.2469000000000001, 1.2626] 

## Entity F
[0.6111, 0.6089, 0.6688, 0.6287, 0.6428, 0.645, 0.6357, 0.6411, 0.6562, 0.6388, 0.6403, 0.6526, 0.6576, 0.643, 0.6563, 0.6607, 0.637, 0.647, 0.6463, 0.6431, 0.659, 0.6375, 0.6594, 0.6449, 0.6228, 0.6386, 0.6459, 0.6581, 0.6437, 0.6498, 0.6418, 0.6398, 0.6493, 0.6358, 0.6386, 0.6545, 0.6503, 0.6491, 0.659, 0.6401, 0.6523, 0.659, 0.6344, 0.6624, 0.6572, 0.6509, 0.6545, 0.6531, 0.6526, 0.6604]

## Entity Type F
[0.5547, 0.5529, 0.5986, 0.573, 0.5834, 0.5882, 0.5783, 0.5918, 0.6016, 0.5867, 0.5858, 0.5939, 0.6033, 0.5829, 0.5993, 0.6019, 0.5755, 0.5977, 0.5878, 0.586, 0.5978, 0.5797, 0.5999, 0.5825, 0.5706, 0.5788, 0.5916, 0.5944, 0.5855, 0.5898, 0.5789, 0.5835, 0.5905, 0.5781, 0.5885, 0.5951, 0.5816, 0.587, 0.5832, 0.58, 0.5901, 0.5995, 0.5854, 0.5916, 0.6034, 0.5913, 0.5978, 0.6014, 0.5943, 0.6022]

FR
## total F scores
[0.998, 0.9054, 0.7857, 0.8287, 0.9275, 0.8753, 0.8688, 0.8176, 0.9177, 0.899, 0.954, 0.8541000000000001, 0.7847999999999999, 0.8522000000000001, 0.8382000000000001, 0.6981999999999999, 0.7812, 0.8772, 0.8306, 0.8302, 0.7142, 0.8877999999999999, 0.8602000000000001, 0.6667, 0.7212000000000001, 0.8517, 0.4938, 0.9037, 0.6548, 0.7717, 0.7464999999999999, 0.7915, 0.8307, 0.8458, 0.7988999999999999, 0.8812, 0.7902, 0.9063000000000001, 0.748, 0.7604, 0.8579, 0.7179, 0.9117, 0.5515, 0.8393, 0.7734000000000001, 0.7802, 0.7721, 0.8639, 0.8861000000000001]

## Entity F
[0.6465, 0.6126, 0.5055, 0.4972, 0.5845, 0.5477, 0.5656, 0.4972, 0.5686, 0.5606, 0.6053, 0.5252, 0.4905, 0.5514, 0.4987, 0.4142, 0.482, 0.5714, 0.5082, 0.5067, 0.4571, 0.5686, 0.5269, 0.413, 0.462, 0.5229, 0.325, 0.5679, 0.4048, 0.4891, 0.4847, 0.492, 0.5344, 0.5213, 0.4959, 0.5594, 0.5068, 0.5671, 0.477, 0.4904, 0.5584, 0.4558, 0.5882, 0.3636, 0.544, 0.4751, 0.4835, 0.4826, 0.5445, 0.5389]

## Entity Type F
[0.3515, 0.2928, 0.2802, 0.3315, 0.343, 0.3276, 0.3032, 0.3204, 0.3491, 0.3384, 0.3487, 0.3289, 0.2943, 0.3008, 0.3395, 0.284, 0.2992, 0.3058, 0.3224, 0.3235, 0.2571, 0.3192, 0.3333, 0.2537, 0.2592, 0.3288, 0.1688, 0.3358, 0.25, 0.2826, 0.2618, 0.2995, 0.2963, 0.3245, 0.303, 0.3218, 0.2834, 0.3392, 0.271, 0.27, 0.2995, 0.2621, 0.3235, 0.1879, 0.2953, 0.2983, 0.2967, 0.2895, 0.3194, 0.3472]



# Sort by frequency

EN
## total F scores
[0.8512, 1.1553, 1.1032000000000002, 1.1848, 1.1564999999999999, 1.1438000000000001, 1.0967, 1.2006000000000001, 1.1279, 1.0779, 1.1608, 1.1493000000000002, 1.2013, 1.1286, 1.1827999999999999, 1.1421000000000001, 1.2, 1.2199, 1.1589, 1.194, 1.1254, 1.1991999999999998, 1.1837, 1.2652999999999999, 1.2586, 1.2184, 1.2434, 1.1433, 1.2261, 1.1638000000000002, 1.2105000000000001, 1.2555, 1.2210999999999999, 1.2305000000000001, 1.1478000000000002, 1.1888, 1.1865999999999999, 1.1974, 1.2342, 1.174, 1.1600000000000001, 1.1749, 1.2246000000000001, 1.137, 1.2823, 1.2297, 1.2234, 1.2022, 1.1562000000000001, 1.1747] 

## Entity F
[0.4509, 0.6102, 0.5845, 0.6297, 0.6071, 0.6147, 0.5855, 0.6334, 0.6072, 0.5656, 0.6093, 0.6145, 0.6413, 0.6072, 0.6355, 0.6111, 0.6423, 0.6488, 0.6226, 0.6354, 0.6021, 0.6435, 0.637, 0.6782, 0.6704, 0.6475, 0.6679, 0.6113, 0.6545, 0.6175, 0.6467, 0.6714, 0.6531, 0.6654, 0.6208, 0.6448, 0.6455, 0.6418, 0.658, 0.6431, 0.6378, 0.642, 0.6553, 0.6222, 0.6833, 0.6585, 0.6582, 0.6482, 0.6157, 0.6442]

## Entity Type F
[0.4003, 0.5451, 0.5187, 0.5551, 0.5494, 0.5291, 0.5112, 0.5672, 0.5207, 0.5123, 0.5515, 0.5348, 0.56, 0.5214, 0.5473, 0.531, 0.5577, 0.5711, 0.5363, 0.5586, 0.5233, 0.5557, 0.5467, 0.5871, 0.5882, 0.5709, 0.5755, 0.532, 0.5716, 0.5463, 0.5638, 0.5841, 0.568, 0.5651, 0.527, 0.544, 0.5411, 0.5556, 0.5762, 0.5309, 0.5222, 0.5329, 0.5693, 0.5148, 0.599, 0.5712, 0.5652, 0.554, 0.5405, 0.5305]


FR
## total F scores
[0.9207000000000001, 1.0069, 1.0112, 0.925, 0.8904000000000001, 0.8010999999999999, 0.8127, 0.9782, 0.9402, 0.7151000000000001, 0.8152, 0.7978000000000001, 0.7119, 0.6038, 0.8681, 0.9032, 0.7545, 0.8491, 0.42379999999999995, 0.7669999999999999, 0.4546, 0.9589, 0.8469, 0.9858, 0.918, 0.7254, 0.9785, 1.0, 0.8278000000000001, 0.6439999999999999, 0.6358, 0.7371, 0.8872, 0.7783, 0.8763, 0.7923, 0.877, 0.8504, 0.7353000000000001, 0.8, 0.7968, 0.8221, 0.8113, 0.8747, 0.8242, 0.7945, 0.9143, 0.7933, 0.7426999999999999, 0.8401]

## Entity F
[0.5815, 0.6345, 0.6292, 0.555, 0.5772, 0.4886, 0.4899, 0.6304, 0.5987, 0.4355, 0.4837, 0.4809, 0.4407, 0.3648, 0.511, 0.576, 0.4551, 0.5251, 0.245, 0.4659, 0.3052, 0.586, 0.5561, 0.6161, 0.559, 0.4587, 0.6205, 0.615, 0.545, 0.3777, 0.3889, 0.4865, 0.559, 0.4742, 0.5376, 0.4765, 0.5401, 0.5144, 0.4529, 0.4938, 0.496, 0.5163, 0.4958, 0.5455, 0.5, 0.4889, 0.5766, 0.4916, 0.4503, 0.5257]

## Entity Type F
[0.3392, 0.3724, 0.382, 0.37, 0.3132, 0.3125, 0.3228, 0.3478, 0.3415, 0.2796, 0.3315, 0.3169, 0.2712, 0.239, 0.3571, 0.3272, 0.2994, 0.324, 0.1788, 0.3011, 0.1494, 0.3729, 0.2908, 0.3697, 0.359, 0.2667, 0.358, 0.385, 0.2828, 0.2663, 0.2469, 0.2506, 0.3282, 0.3041, 0.3387, 0.3158, 0.3369, 0.336, 0.2824, 0.3062, 0.3008, 0.3058, 0.3155, 0.3292, 0.3242, 0.3056, 0.3377, 0.3017, 0.2924, 0.3144]



# Sort by frequence + decaying learnrate

EN
## total F scores
[0.9696, 1.2251, 1.2524000000000002, 1.2454, 1.2389000000000001, 1.2656, 1.2694, 1.2255, 1.2714, 1.2302, 1.2466, 1.2336, 1.2749000000000001, 1.2586, 1.2406, 1.267, 1.2378, 1.2616999999999998, 1.224, 1.2675, 1.2623, 1.2399, 1.2589000000000001, 1.2104, 1.2454, 1.221, 1.2374999999999998, 1.2649, 1.2496, 1.2658, 1.2224, 1.2609, 1.2173, 1.2618, 1.2405, 1.237, 1.2229999999999999, 1.255, 1.2439, 1.2527, 1.1978, 1.2561, 1.2532, 1.2508, 1.2413, 1.1985000000000001, 1.2035, 1.2431999999999999, 1.25, 1.2426]

## Entity F
[0.5065, 0.6357, 0.6598, 0.6518, 0.6533, 0.6653, 0.6676, 0.6509, 0.6731, 0.6488, 0.6526, 0.6475, 0.668, 0.6612, 0.6435, 0.6622, 0.6456, 0.6586, 0.6399, 0.6603, 0.6585, 0.6521, 0.6594, 0.6319, 0.6507, 0.6404, 0.6453, 0.6644, 0.6526, 0.664, 0.6385, 0.6595, 0.6347, 0.6594, 0.6467, 0.6477, 0.6389, 0.6534, 0.6531, 0.6535, 0.6291, 0.6572, 0.6531, 0.6572, 0.6458, 0.6319, 0.6311, 0.6481, 0.6598, 0.6555] 

## Entity Type F
[0.4631, 0.5894, 0.5926, 0.5936, 0.5856, 0.6003, 0.6018, 0.5746, 0.5983, 0.5814, 0.594, 0.5861, 0.6069, 0.5974, 0.5971, 0.6048, 0.5922, 0.6031, 0.5841, 0.6072, 0.6038, 0.5878, 0.5995, 0.5785, 0.5947, 0.5806, 0.5922, 0.6005, 0.597, 0.6018, 0.5839, 0.6014, 0.5826, 0.6024, 0.5938, 0.5893, 0.5841, 0.6016, 0.5908, 0.5992, 0.5687, 0.5989, 0.6001, 0.5936, 0.5955, 0.5666, 0.5724, 0.5951, 0.5902, 0.5871]


FR
## total F scores
[0.9424, 0.91, 0.8, 0.7142, 0.6063000000000001, 0.7857000000000001, 0.8684000000000001, 0.8933, 0.7842, 0.6513, 0.9131, 0.8668, 0.8011, 0.5384, 0.8647, 0.8822000000000001, 0.6802, 0.6294, 0.7162, 0.6572, 1.0247, 0.8279000000000001, 1.034, 0.7596, 0.6706, 0.6355, 0.8107, 0.8088, 0.8895, 0.9027000000000001, 0.9646, 0.8999999999999999, 0.7967, 0.5892999999999999, 0.9284, 0.8293999999999999, 0.813, 0.8997999999999999, 0.6648000000000001, 0.927, 0.9839, 0.9405999999999999, 0.8031999999999999, 0.6488, 0.8983, 0.8727, 1.0063, 0.7167, 0.9253, 0.7335] 

## Entity F
[0.5915, 0.6005, 0.4901, 0.4571, 0.3563, 0.4898, 0.5368, 0.5558, 0.4842, 0.4323, 0.5749, 0.5617, 0.4751, 0.3609, 0.5305, 0.5664, 0.4186, 0.4235, 0.4848, 0.4286, 0.6562, 0.5161, 0.6485, 0.4645, 0.4315, 0.4023, 0.512, 0.4973, 0.5578, 0.5835, 0.646, 0.575, 0.489, 0.3988, 0.5926, 0.5407, 0.5149, 0.5828, 0.4413, 0.5976, 0.6282, 0.6073, 0.5013, 0.4107, 0.5658, 0.5506, 0.6427, 0.4335, 0.5831, 0.4527] 

## Entity Type F
[0.3509, 0.3095, 0.3099, 0.2571, 0.25, 0.2959, 0.3316, 0.3375, 0.3, 0.219, 0.3382, 0.3051, 0.326, 0.1775, 0.3342, 0.3158, 0.2616, 0.2059, 0.2314, 0.2286, 0.3685, 0.3118, 0.3855, 0.2951, 0.2391, 0.2332, 0.2987, 0.3115, 0.3317, 0.3192, 0.3186, 0.325, 0.3077, 0.1905, 0.3358, 0.2887, 0.2981, 0.317, 0.2235, 0.3294, 0.3557, 0.3333, 0.3019, 0.2381, 0.3325, 0.3221, 0.3636, 0.2832, 0.3422, 0.2808]
